group	id	sample_id	quarry	d18O	d13C	dolomite	epr_intens	epr_linwid	colour	mgs
1	1	M1	Golluce	-4.65	4.86	18	128.2	65.8	90.6	1.7
1	2	M2	Golluce	-3.5	5.05	0	63.7	62.6	87.5	1.3
1	3	M3	Golluce	-3.98	4.81	0	90.3	58.5	84.7	1.6
1	4	M4	Golluce	-6.83	4.28	16	77.5	47.1	85.9	1.8
1	5	M5	Golluce	-5.51	4.18	25	281.4	66.9	70.6	0.9
1	6	M6	Golluce	-4.91	4.7	30	240.8	66.9	82.4	1.5
1	7	M7	Golluce	-5.43	3.88	24	513.1	71.2	85.5	1.5
1	8	M8	Golluce	-8.03	4.24	21	180.4	55.3	80.4	1.3
1	9	M9	Golluce	-4.58	4.82	0	183.2	66.9	87.1	1.8
1	10	M10	Golluce	-3.42	4.92	23	100.3	62.8	81.6	1.7
1	11	M11	Golluce	-5.51	4.15	21	116.9	64.7	85.5	1.5
1	12	B1	Urfali	-6.92	3.37	28	71.6	52.5	74.1	1.3
1	13	B2	Urfali	-4.41	4.43	24	25.6	56.9	76.5	1.6
1	14	B3	Urfali	-4.64	3.98	13	64.9	52.7	68.2	1.5
1	15	B4	Urfali	-4.3	4.08	42	33.3	51.5	65.9	1.8
1	16	B6	Urfali	-4.5	4.04	21	78.6	55.8	68.6	1.9
1	17	B7	Urfali	-5.11	4.27	0	43.9	57.1	73.7	1.4
1	18	B8	Urfali	-7.72	3.62	17	17.3	51.1	71.8	1.7
1	19	BI1cor	Urfali	-8.26	2.84	26	45	51.4	70.2	2.1
1	20	BI2cor	Urfali	-4.68	3.88	16	43.6	53.7	72.2	1.9
1	21	BI3cor	Urfali	-4.73	3.41	10	43.6	50.2	75.7	2.4
1	22	BI4cor	Urfali	-5.43	3.46	35	44.1	54.6	41.2	1.6
1	23	TRB1	Torbali	-5.52	3.8	24	26.6	69.7	80.4	1.4
1	24	TRB2	Torbali	-4.4	3.73	24	17.8	58.9	82.4	2.2
1	25	TRB3	Torbali	-2.25	4.26	36	35.4	72.7	73.7	1.55
1	26	TRB4	Torbali	-3.96	3.88	16	26.4	64.1	73.3	2
1	27	TRB5	Torbali	-2.19	4.24	0	15.7	54.7	74.1	3
1	28	TRB6	Torbali	-3.25	4.05	12	22.9	60.4	76.9	1.4
1	29	TRB7	Torbali	-2.32	4.2	0	25.6	64.3	69.8	1.5
1	30	TRB8	Torbali	-2.61	3.88	0	24.2	64.3	78.8	2.2
1	31	TRB9	Torbali	-4.48	2.37	0	37.6	53.2	83.5	2
1	32	TRB10	Torbali	-2.74	3.95	17	28.5	67	78	2.2
1	33	TRB11	Torbali	-5.04	3.8	16	22.3	56.1	78.8	1.4
1	34	TRB12	Torbali	-3.65	3.93	0	24.4	57.4	76.1	2
1	35	AHL1	Ahmetli	-3.7	3.62	17	41	55.7	63.9	2
1	36	AHL2	Ahmetli	-3.75	3.54	0	34.8	60.1	64.3	1.8
1	37	AHL3	Ahmetli	-3.77	3.55	0	31.3	60	64.3	2
1	38	AHL4	Ahmetli	-3.4	3.54	22	42.8	61.9	72.2	3.2
1	39	AHL5	Ahmetli	-4.38	3.4	17	68.9	54.5	70.2	1.4
1	40	AHL6	Ahmetli	-3.47	3.57	22	62.1	59.1	75.7	4.6
1	41	AHL7	Ahmetli	-4.85	3.87	19	49.4	57.3	78.8	1.5
1	42	AHL8	Ahmetli	-3.84	4.14	0	40.7	54.7	78	1.4
1	43	AHL9	Ahmetli	-4.3	3.49	43	60.5	66.1	69.8	1.7
1	44	AHL10	Ahmetli	-3.04	3.8	10	51.2	58.7	79.6	2
1	45	AHL11	Ahmetli	-3.75	3.3	13	36.1	50.6	80	1.7
1	46	AHL12	Ahmetli	-3.64	4.04	0	36.6	55.9	79.2	1.5
1	47	AHL13	Ahmetli	-3.77	3.3	15	28.4	58.7	68.2	1.8
1	48	AHL14	Ahmetli	-3.66	2.98	0	17.3	48.9	82.4	3.4
1	49	AHL15	Ahmetli	-4.55	3.56	11	49	58.7	77.6	1.3
1	50	AHL16	Ahmetli	-4.3	3.52	22	31.7	58.7	68.2	1.2
1	51	KC1.1	Keftli	-3.4	4	0	26.4	52.1	73.7	2
1	52	KC1.2	Keftli	-5.74	3.57	15	52.4	48.1	71	1.3
1	53	KC1.3	Keftli	-5.78	3.48	12	44.6	58.6	69.8	2
1	54	KC1.4	Keftli	-5.4	3.15	24	43.8	54.8	76.1	1.15
1	55	KC1.5	Keftli	-5.81	2.91	49	68.1	49.8	67.1	1.3
1	56	KC1.6	Keftli	-5.79	2.8	39	47	56.2	73.7	0.4
1	57	KC1.7	Keftli	-3.77	3.79	19	48.3	54.7	74.9	1.4
1	58	KC1.8	Keftli	-3.46	4.02	0	28	46.6	71	1.55
1	59	KC1.9	Keftli	-4.95	3.13	53	63.9	53.2	73.7	0.9
1	60	KC1.10	Keftli	-4.55	3.97	14	43.8	46.8	65.1	1.3
1	61	KC1.11	Keftli	-5.43	3.41	42	76.2	53.7	69	1.25
1	62	KC1.12	Keftli	-7.63	-0.6	16	82.4	52.1	71.8	1.05
1	63	KC2.1	Keftli	-5.54	3.54	26	77.4	53.7	60.8	0.9
1	64	KC2.2	Keftli	-4.38	3.51	27	63.6	53.5	63.5	1.9
1	65	KC2.3	Keftli	-4.13	4.03	0	46	52.1	67.1	2.5
1	66	KC2.4	Keftli	-4.97	3.67	11	67.9	53.5	75.3	1.55
1	67	HC2.1	HC2	-3.89	4	0	28.5	55.3	77.6	1.7
1	68	HC2.2	HC2	-3.99	4.16	0	34.2	49.7	81.6	1.8
1	69	HC2.3	HC2	-2.39	4.51	0	14.7	51.2	77.3	1.6
1	70	HC2.4	HC2	-2.86	4.29	21	32.4	51	76.9	2
1	71	HC2.5	HC2	-3.07	4.2	0	17.3	45.4	81.6	1.4
1	72	HC3.1	HC3	-5.9	3.66	13	34.1	55.1	81.6	1.4
1	73	HC3.2	HC3	-4.18	3.92	0	36	62	74.9	1.6
1	74	HC3.3	HC3	-7.78	2.59	0	86.9	42.8	81.6	2.1
1	75	HC3.4	HC3	-2.65	4.48	21	35.6	60.5	74.5	1.8
1	76	HC3.5	HC3	-3.33	4.15	17	37.7	54.9	78.8	2
1	77	HC4.1	HC4	-3.01	4.68	0	48.5	60.4	78	1.6
1	78	HC4.2	HC4	-3.72	4.23	0	45.1	62.7	69.8	2
1	79	HC4.3	HC4	-2.82	4.48	16	61.6	56.1	82	1.6
1	80	HC4.4	HC4	-3.49	4.18	31	39.4	55	72.9	2.2
1	81	HC4.5	HC4	-2.97	4.36	0	33.4	59.1	81.2	2
1	82	HC4.6	HC4	-3.37	4.45	0	26.1	47.3	77.6	1.4
1	83	HC4.7	HC4	-4.48	3.79	15	53.4	52.5	72.2	1.2
1	84	HC4.8	HC4	-2.79	4.24	23	34.6	54.9	79.6	2.2
1	85	HC4.9	HC4	-3.45	4.43	31	42	56.1	80	2
1	86	HC4.10	HC4	-3.39	4.31	26	85.9	57.4	75.7	1.5
1	87	HC4.11	HC4	-6.79	2.48	32	55.7	50.9	71	1.4
1	88	HC4.12	HC4	-6.48	2.98	0	37.8	42.1	71.8	2.8
2	89	KT1	Kusini-Tepe	-3.65	0.1	0	35.3	43.7	86.7	1.8
2	90	KT2	Kusini-Tepe	-3.09	0.29	9	29.1	39.4	78	2.1
2	91	KT3	Kusini-Tepe	-4.01	0.87	7	23.8	46.8	76.9	1.4
2	92	KT4	Kusini-Tepe	-3.95	-0.13	8	35.8	48.7	70.6	1.3
2	93	KT5	Kusini-Tepe	-3.55	0.12	0	33.8	43.7	75.7	1.4
2	94	KT6	Kusini-Tepe	-3.01	-0.8	0	26.1	48.7	74.9	2
2	95	KT7	Kusini-Tepe	-4.33	0.44	0	46.2	42.7	77.6	1.9
2	96	KT8	Kusini-Tepe	-3.16	-0.57	0	48.3	45.9	86.3	2.1
2	97	KT9	Kusini-Tepe	-3.22	-0.2	0	33.7	42.7	84.7	1.9
2	98	KT10	Kusini-Tepe	-3.01	-0.72	0	42.6	39.4	82.4	1.3
2	99	KT11	Kusini-Tepe	-3.17	-0.44	0	31.7	40.5	76.9	1.5
2	100	KT12	Kusini-Tepe	-3.19	-0.48	0	33.8	39.4	76.5	1.8
2	101	KT13	Kusini-Tepe	-2.78	-0.02	20	33.2	53.2	73.3	1.4
2	102	KT14	Kusini-Tepe	-3.14	-0.1	11	37.3	55	85.9	1.3
2	103	KT15	Kusini-Tepe	-3.06	0.82	0	35.9	41.6	76.9	1.3
2	104	KT16	Kusini-Tepe	-3.39	0.92	11	28.2	47.6	82	1.4
2	105	KT17	Kusini-Tepe	-2.94	0.89	16	30.4	60.4	77.6	1.7
2	106	KT18	Kusini-Tepe	-3.24	0.21	24	48.9	54.1	85.1	1.4
2	107	BLV1	Belevi	-3	0.08	0	50.8	48.4	83.1	1.8
2	108	BLV2	Belevi	-2.99	0.25	0	69.4	40.3	79.2	2.1
2	109	BLV3	Belevi	-2.8	0.46	0	23.4	40	76.1	2.4
2	110	BLV4	Belevi	-3.2	0.45	0	42.9	44.1	69	2.2
2	111	BLV5	Belevi	-2.98	0.47	0	28.2	44.1	76.1	2.1
2	112	BLV6	Belevi	-2.78	0.48	0	39.3	41.3	62	1.7
2	113	BLV7	Belevi	-2.81	0.36	0	39.1	41.6	78	1.8
2	114	BLV8	Belevi	-3.04	0.47	0	55	44.2	79.2	2
2	115	BLV10	Belevi	-2.96	0.22	0	58.6	42.9	84.7	1.4
2	116	BLV11	Belevi	-2.87	0.4	0	67.2	44.2	78	1.8
2	117	BLV12	Belevi	-3.07	0.74	0	49	52	68.2	1.4
2	118	BLV13	Belevi	-2.99	1.45	0	66.1	48.3	62.4	2
2	119	BLV14	Belevi	-2.92	1.46	0	59.9	45.3	71.8	1.8
2	120	BLV15	Belevi	-3.01	0.98	0	58.2	50.5	73.3	1.6
2	121	BLV16	Belevi	-2.58	1.49	0	46.6	47.8	65.9	1.9
2	122	BLV17	Belevi	-2.97	0.63	0	35.4	42.6	72.9	1.3
2	123	BLV18	Belevi	-3.15	0.17	0	36.2	42.6	70.2	1.4
2	124	BLV19	Belevi	-2.93	0.63	0	42.8	46.6	66.7	2
2	125	BLV20	Belevi	-3.28	0.52	0	47	42.8	78.4	1.5
2	126	BLV21	Belevi	-3.16	0.34	0	38.1	45.3	72.9	1.7
3	127	AK1	Aya Klikiri	-5.61	0.74	0	14.7	41.3	89.4	2.1
3	128	AK2	Aya Klikiri	-6.06	-0.24	10	16.5	40.2	84.3	2.4
3	129	AK3	Aya Klikiri	-5.64	0.5	20	41	50.8	84.3	2.5
3	130	AK4	Aya Klikiri	-6.4	-0.3	8	11.8	46.5	84.7	2.2
3	131	AK5	Aya Klikiri	-6.75	-0.11	0	37.8	50.8	79.2	2.1
3	132	AK6	Aya Klikiri	-6.48	0.04	15	45.9	51.8	79.6	2.2
3	133	AK8	Aya Klikiri	-7.07	0.96	22	15.8	47.4	86.7	2.3
3	134	AK9	Aya Klikiri	-5.65	2.33	20	31	56.1	85.9	1.9
3	135	AKI1	Aya Klikiri	-5.29	1.75	0	239	57.1	84.3	1.9
3	136	AKI3	Aya Klikiri	-7	2.14	30	184.3	66.7	87.8	2
4	137	Farm1	Farm	-7.35	2.11	0	521.6	64.1	52.9	1.8
4	138	Farm2	Farm	-6.3	2.23	0	196.7	66	55.7	2
4	139	Farm3	Farm	-5.08	2.3	0	99.1	54.7	51	2
4	140	Farm4	Farm	-7.68	2.05	0	81.8	50.8	49.4	2
4	141	Farm5	Farm	-5.08	2.13	0	92.6	56.2	62.4	1.9
4	142	Farm6	Farm	-4.59	2.4	0	101.6	53.7	58.4	2
4	143	Farm7	Farm	-6.8	2	0	388.5	60.4	50.2	1.8
4	144	Farm8	Farm	-6.25	2.15	0	83.1	50.7	54.9	1.75
4	145	Farm9	Farm	-4.93	2.29	0	121.3	60.4	56.5	1.5
4	146	Farm10	Farm	-9.06	1.27	0	220.5	65.5	57.3	2.5
4	147	Farm11	Farm	-6.13	1.52	0	220.6	62	57.3	1.75
4	148	Farm12	Farm	-6.25	2.2	0	147.6	59.1	56.5	1.4
4	149	Farm13	Farm	-6.33	2.25	0	237.5	65.7	53.7	1.3
4	150	Farm14	Farm	-5.93	1.68	0	182.1	58.9	54.5	2.2
5	151	HC1.1	HC1	-4.09	1.86	0	6.2	65	23.9	1.05
5	152	HC1.2	HC1	-4.21	1.76	0	6.5	68	25.9	1.25
5	153	HC1.3	HC1	-4.5	1.68	0	16.4	51	34.9	1.6
5	154	HC1.4	HC1	-8.02	0.58	100	66.5	69.4	46.7	1.1
5	155	HC1.5	HC1	-7.53	0.35	100	155.6	71.6	49.8	0.45
5	156	HC1.6	HC1	-4.93	1.58	32	20.9	53.5	33.7	1.8
5	157	HC1.7	HC1	-9.91	-0.51	0	25.1	53.7	68.2	1.6
5	158	HC1.8	HC1	-4.53	2.5	0	44.5	56	60.4	2
5	159	HC1.9	HC1	-6.07	2.16	41	18.8	61.5	50.2	2
5	160	HC1.10	HC1	-8.21	0.92	100	128.9	71.7	66.3	2
5	161	HC1.11	HC1	-6	1.79	0	11.4	44.9	62.7	1.6
5	162	HC1.12	HC1	-3.94	2.23	0	7.9	57.5	54.9	1.8
5	163	HC1.13	HC1	-6.41	1.77	12	53.5	52.3	65.9	2.5
5	164	HC1.14	HC1	-7.46	2.23	0	38.7	45.8	54.5	2.3
5	165	HC1.15	HC1	-7.65	1.81	15	79.4	50.9	53.7	1
5	166	HC1b.1	HC1	-5.76	1.81	0	23	51	58.8	1.7
5	167	HC1b.2	HC1	-5.08	2.44	17	208.2	60.4	67.8	1.8
5	168	HC1b.3	HC1	-5.96	1.85	14	34.2	51	74.5	2.5
5	169	HC1b.4	HC1	-6.08	2.15	21	70.1	53.6	53.7	1.8
6	170	BG1	Belevi grey	-1.58	0.7	0	12.5	63.3	18	1.5
6	171	BG2	Belevi grey	-1.68	2.79	11	12	57.1	36.5	0.9
6	172	BG2a	Belevi grey	-1.34	0.76	0	2.5	69.5	10.6	0.65
6	173	BG3	Belevi grey	-1.64	3.25	0	6.4	56	28.6	1.3
6	174	BG3a	Belevi grey	-1.57	0.78	31	2.8	70.3	13.7	0.65
6	175	BG4	Belevi grey	-5.12	-0.16	0	13.3	44	23.1	1.2
6	176	BG5	Belevi grey	-1.97	2.83	0	13.4	46.9	26.3	1
6	177	BG6	Belevi grey	-1.72	0.65	0	17	53.8	16.9	1.15
6	178	BG7	Belevi grey	-1.74	0.56	0	15.3	60.2	13.3	1.3
6	179	BG8	Belevi grey	-1.7	0.21	0	13.2	56.6	12.9	1
6	180	BG9	Belevi grey	-4.51	0.6	0	11	41.4	16.5	1.3
6	181	BG10	Belevi grey	-1.7	1.1	0	15.4	57.5	24.3	1.05
6	182	BG11	Belevi grey	-2.1	-0.26	15	25	52.4	32.9	0.65
6	183	BG12	Belevi grey	-1.54	0.8	0	7.3	65.3	19.2	0.9
6	184	E1	7 sleepers	-10.26	1.95	0	168.8	52.1	29.4	0.5
6	185	E2	7 sleepers	-8.53	0.4	0	60.1	53.5	30.2	0.4
6	186	E3	7 sleepers	-8.32	0.6	17	24.4	50.7	37.3	0.1
6	187	E4	7 sleepers	-8.17	1.26	0	68.4	49.8	27.8	1
6	188	E5	7 sleepers	-9.79	1.78	0	61	52	37.3	0.65
6	189	E6	7 sleepers	-9.48	1.85	0	74.9	50.8	20.8	0.6
6	190	E7	7 sleepers	-7.16	0.89	0	18.7	54.8	43.5	0.15
6	191	E7b	7 sleepers	-7.11	-0.56	0	14.7	52	25.5	0.45
6	192	E8	7 sleepers	-7.24	-0.05	0	38.4	54.8	38.8	0.6
6	193	E9	7 sleepers	-6.7	1.62	0	65.5	54.8	43.1	0.5
6	194	E10	7 sleepers	-8.76	0.98	0	144.1	61.7	31.4	0.4
6	195	E11	7 sleepers	-9.91	-0.33	0	38.2	54.8	56.5	0.3
6	196	E12	7 sleepers	-9.03	0.36	0	51.5	49.3	32.9	0.5
6	197	PQ1.1	Fault	-7.43	0.57	0	8.3	51.4	17.3	0.35
6	198	PQ1.2	Fault	-6.26	-0.54	0	30.8	50.3	18.8	0.6
6	199	PQ1.3	Fault	-8.9	0.6	0	99.2	48.9	19.2	0.5
6	200	PQ1.4	Fault	-7.54	-0.05	0	9.4	50	27.5	0.5
6	201	PQ1.5	Fault	-7.72	1.81	0	27.2	48.7	44.7	0.35
6	202	PQ1.6	Fault	-9.59	0.91	0	67.5	51.1	41.6	0.4
6	203	PQ1.7	Fault	-7.29	0.64	0	17.1	46.2	13.3	0.5
6	204	NW1	Fault	-6.25	1.3	0	69.4	56	27.5	0.45
6	205	NW2	Fault	-8.33	1.33	0	131.9	56	53.7	0.25
6	206	NW3	Fault	-8.78	1.6	0	47	56.8	38.4	0.5
6	207	NW4	Fault	-6.4	-0.12	0	37.8	52.1	13.7	0.4
6	208	NW5	Fault	-5.05	0.07	0	19.5	53.3	52.2	0.25
6	209	NW6	Fault	-9.28	1.11	0	41.4	50.4	55.3	0.1
6	210	NW7	Fault	-10.69	0.45	0	114.4	54.8	49.8	0.15
6	211	NW8	Fault	-4.17	0.46	0	16.5	61.3	35.3	0.6
6	212	NW9	Fault	-4.46	0.39	0	17.2	50.6	17.3	0.6
6	213	NW10	Fault	-9.63	-0.54	0	19.7	50.9	20	0.4
6	214	NW11	Fault	-15.12	0.98	0	175.7	54.6	43.1	0.5
6	215	NW12	Fault	-7.92	0.03	0	31.6	50.8	31	0.3
6	216	GRO1	Fault	-9.32	1.83	0	72.5	43.6	55.3	0.5
6	217	GRO2	Fault	-11	1.82	0	73.2	44.7	59.6	0
6	218	GRO3	Fault	-10.6	2.01	0	135	49.6	51.8	0.22
6	219	GRO4	Fault	-7.63	-2.66	27	10.3	49.6	54.9	0.2
6	220	GRO5	Fault	-9.23	0.78	0	32.6	46	45.1	0.1
6	221	NG6	Fault	-9.26	0.94	0	51.4	51.3	50.2	0
6	222	NG7	Fault	-5.03	0.75	0	27.9	49.6	40.4	0.5
6	223	NG8	Fault	-6.96	0.24	11	2.8	47.4	40	0.25
6	224	NG9	Fault	-6.53	0.3	0	38.3	47.4	43.9	0.2
6	225	CF1	Fault	-9.09	1.05	0	36.2	51	43.1	0.15
6	226	CF2	Fault	-11.34	2.44	0	84.2	44.6	40.8	0.7
6	227	CF3	Fault	-2.44	0.85	0	12.6	54.7	21.2	0.5
6	228	CF4	Fault	-4.02	0.39	0	15.7	48.5	32.2	0.55
6	229	CF5	Fault	-8.73	1.17	0	91.2	49.6	33.3	1
6	230	P617	Fault	-10.06	0.14	0	126.8	57.8	26.3	0.35
6	231	P618A	Fault	-7.61	0.31	0	27.4	48.2	43.9	0.5
6	232	P618B	Fault	-9.56	2.16	0	202.1	56	35.7	0.65
6	233	P619A	Fault	-8.01	-0.02	0	54.1	55.2	34.9	0.6
6	234	P619B	Fault	-9.68	-1.05	0	74.5	54.9	40	0.25
6	235	P619C	Fault	-9.02	1.72	0	25.9	44.5	33.7	0.45
6	236	P621	Fault	-10.7	2.48	0	358.2	56.2	55.7	0.6
6	237	P623	Fault	-5.64	1.41	0	35.6	50.7	25.5	0.9
6	238	P624	Fault	-7.47	-1.18	0	34.6	53.4	40	0.4
6	239	P625	Fault	-10.58	2.26	0	117.3	47.9	23.1	0.5
6	240	P626	Fault	-7.52	1.99	0	93.4	51.1	65.5	0.45
6	241	P627	Fault	-7.74	1.08	0	38.4	53.4	34.1	0.4
6	242	P628	Fault	-4.98	1.35	0	17.4	52.1	42.4	0.6
6	243	P629	Fault	-9.14	0.79	0	45.1	50.7	22.4	0.6
6	244	P630	Fault	-8.82	0.7	0	47.9	47.9	32.5	0.6
